 0.001978
 0.002039
 0.00316
 0.004587
 0.004618
 0.002864
 0.0009582
 0.0002752
 0.0003568
 0.0001733
-2.039e-005
 0.000581
 0.001468
 0.001152
-0.0006932
-0.00261
-0.003078
-0.00213
-0.0008257
 1.019e-005
 0.000265
 0.0002854
 0.0005505
 0.001203
 0.001672
 0.001162
-0.0001121
-0.000897
-0.0005403
-1.019e-005
-0.0005708
-0.001876
-0.002324
-0.001254
 0.0001835
 0.0005301
-0.0001631
-0.0006116
 0.0001019
 0.001448
 0.001906
 0.0007645
-0.0009072
-0.001284
-0.0004281
-0.0006116
-0.002977
-0.004811
-0.00263
 0.002334
 0.004597
 0.001764
-0.001753
-0.0009888
 0.00209
 0.00157
-0.002977
-0.005199
-0.001254
 0.004292
 0.005107
 0.001906
 0.0002345
 0.001631
 0.001937
-0.001203
-0.004281
-0.003231
 0.0004383
 0.001927
-0.0003262
-0.00317
-0.003333
-0.00104
 0.0009888
 0.0007747
-0.000948
-0.00156
 0.0005199
 0.003293
 0.002875
-0.001427
-0.005189
-0.003884
 0.00106
 0.003874
 0.00158
-0.002885
-0.005168
-0.004455
-0.003028
-0.002854
-0.004139
-0.00577
-0.005759
-0.002518
 0.002844
 0.00684
 0.007319
 0.005576
 0.003456
 0.0004077
-0.003986
-0.006677
-0.004118
 0.001794
 0.004985
 0.003252
 0.0008359
 0.001407
 0.002304
-0.0006626
-0.00581
-0.007645
-0.004893
-0.001702
-0.0007034
 0.0003568
 0.003476
 0.006106
 0.004822
 0.000683
-0.002232
-0.002151
-0.0005505
 0.00104
 0.002294
 0.002569
 0.0007645
-0.002722
-0.006116
-0.008267
-0.008736
-0.006412
-0.0008155
 0.005291
 0.007615
 0.005759
 0.003598
 0.002915
 0.0002956
-0.006524
 -0.0124
-0.009847
 0.0004893
 0.009327
 0.009572
 0.003568
-0.001988
-0.004373
-0.00528
-0.005586
-0.00369
 0.001295
 0.007401
 0.01124
 0.01055
 0.005617
-0.0003976
-0.00368
-0.003629
-0.003344
-0.004679
-0.004699
-9.174e-005
 0.00632
 0.007829
 0.002987
-0.002243
-0.003191
-0.002681
-0.005087
-0.008267
-0.006402
 0.0005912
 0.006177
 0.006004
 0.002701
 0.0008461
 0.001295
 0.002497
 0.003731
 0.004353
 0.002783
-0.0005607
-0.001906
 0.0007543
 0.00318
-0.0002243
-0.007971
-0.01285
-0.01166
-0.008206
-0.005382
-1.019e-005
 0.01008
 0.01857
 0.01662
 0.004924
-0.005984
-0.008216
-0.003823
 0.001478
 0.006106
  0.0105
 0.01147
 0.004781
-0.007319
-0.01627
-0.01598
-0.008379
 0.0009174
 0.008869
 0.01485
 0.01691
 0.01229
 0.002008
-0.00792
-0.01158
-0.008624
-0.003598
-0.0002446
 0.00208
 0.005821
  0.0103
 0.01083
 0.003588
-0.009439
-0.02125
-0.02561
-0.02149
 -0.0125
-0.002803
 0.005708
 0.01275
 0.01718
 0.01621
 0.008389
-0.002895
-0.01071
-0.01129
-0.008369
-0.008359
-0.01175
-0.01253
-0.007105
 8.155e-005
 0.003048
 0.003007
 0.006045
 0.01272
  0.0161
 0.01167
 0.004771
 0.003772
 0.008797
 0.01183
 0.007757
 0.0007136
-0.00209
 0.0002345
 0.001927
-0.001305
-0.006687
-0.007706
-0.001998
 0.005382
 0.007115
 0.001631
-0.00526
-0.007166
-0.004261
 -0.0021
-0.004037
-0.007299
-0.00736
-0.004067
-0.001121
-0.0004893
-0.0004077
 0.001091
 0.002762
 0.001835
-0.002151
-0.006748
-0.009093
-0.007778
-0.002722
 0.004964
 0.01252
 0.01603
 0.01245
 0.001733
-0.01192
-0.02089
-0.01836
-0.004373
 0.01213
 0.02029
 0.01748
 0.01065
 0.006769
 0.004873
 0.0001733
-0.006616
-0.008879
-0.003007
 0.006626
 0.01291
 0.01317
 0.009205
 0.003394
-0.002222
-0.005036
-0.003802
-0.0009582
 0.0001121
-5.097e-005
 0.001967
 0.00633
 0.008726
 0.006361
 0.001621
-0.00264
-0.007676
-0.01493
 -0.0199
-0.01576
-0.003496
 0.006972
 0.008186
 0.003792
 0.002273
 0.005209
 0.006687
 0.003191
-0.001437
-0.002813
-0.003048
-0.007217
-0.01465
 -0.0185
-0.01451
-0.006483
-0.0007951
 0.002579
 0.009664
 0.02278
 0.03453
 0.03433
 0.02069
 0.003333
-0.007288
-0.01009
-0.01068
-0.01126
-0.008084
 0.00104
 0.01158
 0.01777
  0.0198
 0.02135
 0.02162
  0.0151
 0.0004587
-0.01462
-0.02047
-0.01534
-0.005708
 0.001825
 0.006014
 0.008991
 0.01187
 0.01349
 0.01194
 0.006147
-0.002987
-0.01195
-0.01615
-0.01388
-0.008389
-0.004628
-0.003476
-0.0008053
 0.006504
 0.01528
 0.01872
 0.01401
 0.004964
-0.003211
-0.009235
-0.01416
-0.01724
-0.01636
-0.01176
-0.006157
-0.001264
 0.003078
 0.006208
 0.006259
 0.003843
 0.002997
 0.00632
 0.01143
 0.01469
 0.01629
 0.01821
 0.01858
 0.01269
 0.0004893
-0.01056
-0.01277
-0.006697
-0.0004587
-0.00105
-0.00736
-0.01138
-0.006279
 0.005882
  0.0152
  0.0144
 0.00789
 0.006738
  0.0143
 0.02084
 0.01557
 0.0004179
-0.01268
-0.01643
-0.01419
-0.01179
-0.009388
-0.00421
 0.002824
 0.007706
 0.008624
 0.007329
 0.005892
 0.004893
 0.004444
 0.004862
 0.006198
 0.008522
 0.01166
 0.01311
 0.008634
-0.001998
-0.01119
-0.01056
-0.002069
 0.002824
-0.002569
-0.01116
-0.01137
-0.002181
 0.006096
 0.005291
-0.001753
-0.006524
-0.005158
-0.0005097
 0.003333
 0.005362
 0.006371
 0.005831
 0.001764
-0.006055
-0.01386
-0.01657
 -0.0134
-0.009256
-0.008634
-0.009337
-0.005087
 0.005556
 0.01588
 0.01787
 0.01052
 0.0001529
-0.005719
-0.003568
 0.004648
 0.01292
 0.01542
 0.01144
 0.005219
-9.174e-005
-0.00632
-0.01545
-0.02334
-0.02279
-0.01281
-0.000367
 0.007951
 0.01189
 0.01347
 0.01182
 0.006453
 0.002304
 0.005545
 0.01408
 0.01741
 0.008328
-0.008471
-0.02182
-0.02576
-0.02306
-0.01931
-0.01701
-0.01549
-0.01291
-0.007207
 0.002426
 0.01325
 0.01982
 0.01901
 0.01333
 0.007288
 0.001692
-0.005698
 -0.0145
-0.02029
-0.02043
-0.01808
-0.01745
-0.01725
 -0.0127
-0.003782
 0.003078
 0.002946
-0.001366
-0.003609
-0.002181
-0.0002345
 0.00104
 0.005127
 0.01485
 0.02712
 0.03454
 0.03128
 0.01678
-0.003853
-0.02186
-0.02963
-0.02635
-0.01814
 -0.0113
-0.006453
-0.001397
 0.002385
 0.0006422
-0.005657
-0.008369
-0.001927
 0.007615
 0.008175
-0.003935
-0.01936
-0.02705
-0.02656
-0.02578
-0.02911
-0.03257
-0.03074
-0.02386
-0.01592
-0.00946
-0.00579
-0.007462
-0.01533
-0.02381
-0.02452
-0.01585
-0.004862
 0.002365
 0.007227
 0.01229
 0.01357
 0.005331
-0.009276
-0.01942
-0.01846
-0.009246
 0.003099
  0.0169
 0.02977
 0.03497
 0.02861
  0.0171
 0.01175
 0.01616
 0.02366
 0.02679
 0.02441
 0.01925
 0.01336
 0.008583
 0.007309
 0.009083
 0.008298
-0.0008359
-0.01683
-0.03084
-0.03497
-0.02928
-0.01965
-0.01048
-0.001743
 0.006228
 0.008236
-0.002273
-0.02485
-0.04982
-0.06611
-0.07002
-0.06508
-0.05482
-0.03838
-0.01322
 0.01878
   0.048
 0.06011
 0.04564
 0.00998
-0.02757
-0.04934
-0.05424
-0.05397
-0.05472
-0.04885
-0.02745
 0.004444
 0.03173
 0.04615
 0.05268
  0.0588
 0.06366
 0.06111
  0.0495
 0.03501
 0.02719
 0.03332
 0.05424
 0.08106
 0.09694
 0.08646
 0.04649
-0.01104
-0.06517
-0.09472
-0.08825
-0.05399
-0.02073
-0.01947
-0.05674
 -0.1076
 -0.1388
 -0.1366
 -0.1092
-0.06744
-0.01495
 0.04353
 0.09426
  0.1235
  0.1299
  0.1218
  0.1057
 0.08349
 0.05826
 0.03496
 0.01411
-0.007187
-0.02599
-0.03257
-0.02318
-0.008869
-0.005607
-0.01801
-0.03754
  -0.054
-0.06268
-0.06176
-0.05017
-0.03142
-0.01442
-0.006514
-0.006422
-0.00632
 0.000581
 0.01452
 0.02892
 0.03496
 0.02964
 0.02149
 0.02491
 0.04555
 0.07271
 0.08923
 0.08704
 0.07045
 0.04672
  0.0202
-0.003741
 -0.0167
-0.01552
 -0.0105
-0.01895
-0.04836
-0.08773
 -0.1163
 -0.1195
-0.09685
-0.05867
-0.01827
 0.01377
 0.03139
 0.03268
  0.0192
-0.003619
-0.02654
-0.03981
-0.03898
-0.02738
 -0.0119
 0.00315
 0.01721
 0.03048
 0.04286
 0.05555
  0.0694
 0.07956
 0.07525
 0.04976
 0.01013
-0.02752
-0.05337
-0.07034
-0.08373
 -0.0899
-0.08086
 -0.0578
-0.03313
-0.01754
-0.01076
-0.007839
-0.009572
-0.02122
-0.04282
-0.06663
-0.08445
 -0.0934
 -0.0936
-0.08466
-0.06697
-0.04365
 -0.0189
 0.003721
 0.02009
 0.02575
 0.01982
 0.006555
-0.009154
-0.02461
-0.03444
  -0.028
-0.0006626
 0.03312
 0.04762
 0.03125
-0.002334
 -0.0324
-0.05248
-0.06575
-0.06629
-0.03992
 0.01483
 0.07853
  0.1297
  0.1634
  0.1839
  0.1886
  0.1701
  0.1339
 0.09867
 0.07678
 0.06098
 0.03753
 0.006432
-0.01813
-0.02464
-0.01499
 0.0007339
  0.0136
 0.01773
 0.00893
-0.01294
-0.04072
-0.06374
-0.07678
-0.08377
-0.09057
-0.09449
-0.08331
-0.04645
 0.01327
 0.07934
  0.1324
  0.1615
  0.1665
  0.1541
  0.1339
  0.1138
 0.09608
  0.0782
 0.05884
  0.0438
 0.04226
 0.05562
 0.07267
 0.07855
 0.06801
 0.04864
 0.03189
 0.02378
  0.0241
 0.03088
   0.043
 0.05924
 0.07771
 0.09683
  0.1158
  0.1335
  0.1478
  0.1556
  0.1538
  0.1404
  0.1157
 0.08464
 0.05645
 0.04007
 0.03824
  0.0463
 0.05643
 0.06275
 0.06308
 0.05797
 0.04965
 0.04125
 0.03581
 0.03541
 0.04056
 0.04929
 0.05628
  0.0548
  0.0421
 0.02299
 0.006004
-0.004822
-0.01266
 -0.0215
-0.02942
-0.03153
-0.02871
-0.02957
-0.04134
-0.06096
-0.07846
-0.08818
-0.09387
 -0.1022
 -0.1142
 -0.1255
 -0.1317
 -0.1322
 -0.1293
 -0.1267
 -0.1281
 -0.1333
 -0.1358
 -0.1269
 -0.1043
-0.07432
 -0.0451
-0.02176
-0.009246
-0.01455
-0.04048
-0.07866
 -0.1146
 -0.1403
 -0.1572
 -0.1657
 -0.1577
 -0.1236
-0.06567
 0.001631
 0.06394
  0.1168
  0.1629
  0.2023
  0.2291
  0.2353
  0.2193
  0.1877
  0.1498
  0.1092
 0.06322
 0.009969
-0.04423
-0.08633
 -0.1063
 -0.1057
-0.09694
-0.09317
-0.09876
 -0.1078
 -0.1109
 -0.1027
-0.08259
-0.05278
-0.01836
 0.01205
 0.03119
 0.03997
 0.04545
  0.0512
 0.05398
 0.05193
 0.04873
 0.04322
 0.02094
-0.03248
 -0.1083
  -0.176
 -0.2116
 -0.2192
 -0.2166
 -0.2094
  -0.188
 -0.1491
 -0.1076
-0.08128
-0.07324
-0.07348
-0.07421
-0.07587
-0.08104
 -0.0901
 -0.1035
 -0.1206
 -0.1331
 -0.1257
-0.09138
-0.04258
-0.003028
 0.01408
 0.01463
 0.01043
 0.003782
-0.01069
-0.03317
-0.05373
-0.06033
-0.04824
-0.02128
 0.01305
 0.04887
 0.08411
  0.1177
  0.1427
  0.1435
   0.105
 0.02864
-0.06314
 -0.1401
 -0.1809
 -0.1782
 -0.1343
-0.06224
 0.01181
 0.05805
 0.06401
 0.04445
 0.02386
 0.009582
-0.01126
-0.04608
-0.07559
-0.06708
-0.008665
 0.07692
   0.155
  0.2097
   0.247
  0.2749
  0.2912
  0.2916
   0.277
  0.2443
  0.1775
 0.06332
-0.08061
 -0.2075
 -0.2802
 -0.3038
 -0.3111
 -0.3153
 -0.2923
 -0.2155
 -0.1002
 0.0004077
  0.0426
 0.02565
-0.02086
-0.07023
   -0.11
 -0.1313
 -0.1244
-0.09042
-0.04419
-0.0001121
 0.04066
 0.08313
  0.1239
  0.1512
  0.1578
  0.1469
   0.126
   0.101
 0.07824
 0.06582
 0.07032
 0.09217
  0.1262
  0.1641
  0.1971
  0.2194
   0.231
  0.2353
  0.2329
  0.2198
  0.1943
  0.1621
  0.1337
  0.1168
  0.1127
  0.1178
  0.1267
  0.1342
  0.1373
  0.1352
  0.1266
  0.1102
 0.08443
 0.04755
-0.002212
-0.06319
 -0.1281
 -0.1884
 -0.2389
 -0.2705
 -0.2626
 -0.1956
  -0.078
 0.04624
  0.1278
  0.1462
  0.1114
 0.04245
-0.04153
   -0.12
 -0.1796
 -0.2246
 -0.2611
 -0.2688
 -0.2107
 -0.0817
 0.06887
  0.1798
  0.2292
   0.232
  0.2027
  0.1466
 0.07866
 0.02069
-0.02274
-0.06153
-0.08618
-0.06311
 0.02014
  0.1237
   0.189
  0.1921
   0.149
 0.07997
-0.00528
-0.09419
  -0.169
 -0.2239
 -0.2655
 -0.2908
 -0.2828
 -0.2381
 -0.1813
 -0.1413
 -0.1226
 -0.1137
 -0.1128
 -0.1283
 -0.1575
 -0.1833
 -0.1941
  -0.194
 -0.1893
 -0.1755
 -0.1449
 -0.1008
-0.05595
-0.02148
-0.0005505
 0.01157
 0.02632
 0.05695
  0.1075
  0.1657
  0.2102
  0.2268
  0.2154
  0.1832
  0.1344
  0.0698
-0.005821
-0.07484
 -0.1089
-0.08507
-0.006493
 0.09311
  0.1706
  0.2021
  0.1911
  0.1517
 0.09359
 0.02851
-0.01867
-0.02073
 0.02473
 0.08773
   0.133
  0.1512
   0.156
  0.1552
  0.1379
 0.09383
  0.0345
-0.01502
-0.04199
-0.05468
-0.06604
-0.07843
-0.08649
-0.08623
-0.07504
-0.04926
-0.01074
 0.02568
 0.03987
  0.0241
-0.01084
-0.04806
-0.07849
 -0.1006
  -0.113
 -0.1133
 -0.1031
 -0.0892
 -0.0767
-0.06493
-0.04946
-0.02709
 0.001356
 0.03101
 0.05437
 0.06479
  0.0608
 0.04743
 0.03278
 0.02238
 0.01625
 0.01084
 0.004159
-0.0003364
 0.003894
 0.01876
 0.03662
 0.04548
 0.04001
 0.02539
 0.009725
-0.005097
-0.02277
 -0.0446
-0.06584
-0.08055
-0.08655
 -0.0842
-0.07276
-0.05138
-0.02304
 0.005087
 0.02642
 0.03907
 0.04535
 0.04857
  0.0508
 0.05233
 0.05253
 0.05087
 0.04772
  0.0436
 0.03818
 0.03092
 0.02254
 0.01506
 0.01036
 0.009653
 0.01393
 0.02267
  0.0317
 0.03443
 0.02709
 0.01187
-0.006055
-0.02248
-0.03408
-0.03655
-0.02685
-0.007319
 0.01477
 0.03185
 0.03836
 0.03072
 0.01025
-0.01256
-0.02208
-0.01016
 0.01701
 0.04654
 0.06988
 0.08282
 0.07954
 0.05458
 0.01197
-0.03448
-0.07317
 -0.1033
 -0.1285
 -0.1469
 -0.1511
 -0.1386
  -0.116
-0.09405
-0.07897
-0.06828
-0.05361
-0.02767
 0.009399
 0.04969
 0.08406
  0.1076
  0.1181
  0.1133
 0.09313
 0.06594
 0.04582
 0.04107
  0.0472
 0.05329
   0.054
 0.05324
 0.05697
 0.06461
 0.06851
 0.06171
 0.04623
 0.03338
 0.03436
    0.05
 0.07077
 0.08695
 0.09652
  0.1028
  0.1074
  0.1089
  0.1058
  0.0971
 0.08069
 0.05445
 0.02176
-0.007013
-0.02093
 -0.0164
 0.0007849
 0.02006
 0.03226
  0.0337
 0.02677
 0.01646
 0.005912
-0.00476
-0.01573
-0.02568
-0.03348
-0.03962
-0.04421
-0.04528
-0.04158
-0.03612
-0.03452
-0.03992
-0.05113
-0.06539
-0.08041
-0.09363
 -0.1024
  -0.106
 -0.1054
-0.09994
-0.08666
-0.06532
-0.04153
-0.02253
-0.01056
-0.002956
 0.002069
 0.003017
-0.0008461
-0.006412
-0.009225
-0.00791
-0.004393
-0.00103
 0.001325
 0.003333
 0.006891
 0.01415
 0.02567
 0.03943
  0.0523
 0.06162
 0.06484
 0.05932
  0.0446
 0.02475
 0.006402
-0.005953
-0.01164
-0.01108
-0.00421
 0.006809
 0.01524
 0.01315
-0.00212
-0.02571
-0.04956
 -0.0679
-0.07864
-0.08177
-0.07867
-0.07269
 -0.0683
-0.06803
-0.07061
-0.07259
-0.07196
-0.06932
-0.06581
-0.06142
-0.05617
-0.05213
-0.05172
-0.05348
-0.05119
-0.03954
-0.02013
-0.0002548
 0.01491
 0.02681
 0.03886
  0.0492
 0.05119
 0.04156
 0.02546
 0.01157
 0.003588
-0.00104
-0.004811
-0.005331
 0.001723
  0.0165
  0.0336
 0.04625
 0.05072
 0.04685
 0.03598
  0.0201
 0.002691
-0.01101
-0.01649
-0.01339
-0.00577
 0.001916
 0.008532
 0.01488
 0.01927
 0.01694
 0.004944
-0.01432
-0.03558
-0.05499
-0.06987
-0.07595
-0.06932
-0.05183
-0.03155
-0.01579
-0.006024
-0.0008359
-0.000897
-0.007462
-0.01743
 -0.0242
-0.02455
-0.02194
-0.02179
-0.02548
-0.03023
-0.03268
-0.03084
-0.02403
-0.01363
-0.003476
 0.002426
 0.003364
 0.00211
 0.00157
 0.002212
 0.002915
 0.002987
 0.002518
 0.001346
-0.001651
-0.00737
-0.01452
-0.01885
-0.01576
-0.004852
 0.008318
 0.01622
 0.01544
 0.008114
-0.00209
-0.01334
-0.02438
-0.03219
-0.03352
 -0.0287
-0.02204
  -0.018
-0.01766
-0.01916
-0.02038
-0.01986
-0.01631
-0.008869
 0.001325
 0.01072
 0.01574
 0.01598
 0.01445
 0.01372
  0.0121
 0.00476
-0.01061
-0.03008
-0.04625
 -0.0544
-0.05469
-0.04827
-0.03365
-0.008685
 0.02396
 0.05505
 0.07393
 0.07571
 0.06378
 0.04662
 0.03207
 0.02394
 0.02159
 0.02163
 0.02014
 0.01457
 0.004689
-0.007085
-0.01649
 -0.0189
 -0.0115
 0.00476
 0.02521
  0.0441
 0.05802
 0.06663
  0.0702
 0.06733
 0.05612
 0.03777
  0.0176
 0.001366
-0.009042
-0.01557
-0.02065
-0.02527
-0.03044
-0.03853
-0.05094
-0.06442
-0.07179
-0.06764
-0.05339
-0.03588
-0.02102
-0.009827
-0.0008767
 0.004832
 0.00318
-0.008573
-0.02792
-0.04845
-0.06467
 -0.0747
  -0.079
-0.07801
-0.07169
-0.06096
-0.04844
 -0.0376
-0.03056
-0.02645
-0.02198
  -0.014
-0.00209
  0.0116
 0.02465
 0.03584
 0.04469
 0.05071
 0.05407
 0.05626
 0.05907
 0.06303
 0.06751
 0.07217
   0.077
 0.08151
 0.08477
 0.08693
 0.08941
 0.09303
 0.09666
 0.09833
 0.09718
 0.09333
 0.08655
 0.07621
 0.06277
 0.04848
 0.03573
  0.0253
 0.01635
 0.007686
-0.001111
-0.009174
-0.01437
-0.01415
-0.007554
 0.003282
 0.01416
 0.02161
 0.02493
 0.02558
 0.02541
 0.02561
 0.02656
 0.02796
 0.02913
 0.03031
 0.03328
 0.04032
 0.05155
 0.06439
 0.07555
 0.08288
  0.0846
 0.07791
 0.06102
 0.03691
 0.01332
-0.002671
-0.009551
 -0.0102
-0.00737
-0.001814
 0.005586
 0.01258
 0.01725
 0.01944
 0.01943
 0.01636
 0.009388
-0.0002039
-0.009235
-0.01532
-0.01834
-0.01938
-0.01934
-0.01893
-0.01886
-0.01917
-0.01858
-0.01532
-0.008838
-0.0002548
 0.008338
 0.01464
 0.01636
 0.01199
 0.002008
-0.01083
-0.02321
-0.03351
-0.04213
-0.05007
-0.05734
-0.06277
-0.06461
-0.06103
-0.05115
-0.03634
 -0.0203
-0.006595
 0.003894
 0.01249
 0.01936
 0.02204
 0.01806
 0.008257
-0.003721
 -0.0147
-0.02355
-0.02952
-0.03108
-0.02723
-0.01908
-0.008858
 0.002487
 0.01532
 0.02901
  0.0406
 0.04636
 0.04443
 0.03615
 0.02518
 0.01569
 0.01002
 0.00738
 0.004628
-0.001182
-0.01037
-0.02044
-0.02778
-0.02959
 -0.0253
-0.01661
-0.006463
 0.00262
 0.00947
  0.0136
 0.01418
 0.01032
 0.002365
-0.007441
  -0.016
-0.02103
-0.02207
-0.02054
-0.01885
-0.01874
-0.01996
-0.02051
-0.01872
-0.01513
-0.01222
 -0.0122
-0.01513
-0.01874
-0.01993
-0.01694
-0.01082
-0.00476
-0.001233
 0.0003976
 0.002712
 0.006422
 0.008787
 0.006555
-0.0001325
-0.007829
-0.01361
-0.01751
-0.02083
-0.02324
-0.02306
-0.01955
-0.01407
-0.008644
-0.004465
-0.002161
-0.002701
-0.006769
-0.01305
-0.01803
-0.01823
 -0.0131
-0.005617
 0.0005708
 0.004434
 0.008033
 0.01357
 0.02049
 0.02572
 0.02662
 0.02327
 0.01798
 0.01301
 0.009042
 0.005545
 0.00157
-0.003782
-0.01138
-0.02141
-0.03247
-0.04135
-0.04465
-0.04112
-0.03249
-0.02177
-0.01106
-0.001081
 0.00736
 0.01275
 0.01401
 0.01204
 0.009144
 0.007064
 0.005708
 0.003945
 0.000999
-0.002926
-0.007156
-0.01088
-0.01319
 -0.0131
-0.01002
-0.004414
 0.002212
 0.008165
 0.01257
  0.0155
 0.01709
 0.01659
 0.01284
 0.006137
-0.0009174
-0.004546
-0.002742
 0.00315
 0.009806
 0.01488
 0.01839
 0.02125
 0.02324
 0.02322
 0.02125
 0.01934
 0.01951
 0.02176
 0.02436
 0.02582
 0.02587
 0.02484
 0.02324
 0.02179
 0.02086
 0.01916
 0.01427
 0.005331
-0.005025
-0.01267
-0.01554
-0.01486
-0.01308
 -0.0119
-0.01224
-0.01445
-0.01737
-0.01793
-0.01322
-0.003323
 0.00842
  0.0181
   0.024
 0.02695
 0.02903
 0.03185
 0.03585
 0.04044
 0.04473
 0.04827
 0.05061
 0.05043
 0.04552
  0.0345
 0.01844
 0.0008257
-0.01452
-0.02549
-0.03216
 -0.0356
-0.03646
-0.03433
-0.02853
-0.01959
-0.00998
-0.003252
-0.002141
-0.006911
-0.01516
-0.02305
-0.02742
-0.02727
-0.02369
-0.01851
-0.01294
-0.00735
-0.001886
 0.003364
 0.008318
 0.01278
 0.01637
 0.01912
 0.02195
 0.02566
 0.02928
 0.03004
 0.02579
 0.01737
 0.007941
 0.0002243
-0.005025
-0.008287
-0.009766
-0.009215
-0.006595
-0.002314
 0.002783
 0.007462
 0.01043
 0.01125
 0.01086
 0.01068
 0.01125
 0.01219
 0.01327
 0.01483
 0.01677
 0.01784
 0.01671
 0.01333
 0.008685
 0.003568
-0.001519
-0.00524
-0.005352
-0.0007339
 0.00685
 0.01391
 0.01769
 0.01692
 0.01082
-0.001121
 -0.0173
-0.03324
 -0.0441
-0.04805
 -0.0467
-0.04254
-0.03724
-0.03235
-0.03013
-0.03189
-0.03648
-0.04116
-0.04407
-0.04482
-0.04322
-0.03859
-0.03112
 -0.0228
-0.01622
-0.01258
-0.01157
-0.01257
-0.01518
-0.01857
-0.02098
-0.02055
 -0.0167
-0.01069
-0.004679
 0.0001835
 0.004557
 0.009643
  0.0148
 0.01731
 0.01498
 0.008828
 0.002171
-0.002457
-0.005076
-0.006748
-0.007615
-0.006972
-0.004587
-0.001121
 0.002365
 0.005025
 0.006544
 0.00737
 0.008593
 0.01083
 0.01341
  0.0151
 0.01533
 0.01446
 0.01318
 0.01213
 0.01223
 0.01399
  0.0163
 0.01702
 0.01506
 0.01163
 0.008695
 0.006728
 0.004873
 0.002569
 0.0002752
-0.001672
-0.003588
-0.005933
-0.008695
-0.01195
-0.01614
-0.02123
-0.02596
-0.02852
-0.02817
-0.02556
 -0.0218
-0.01764
-0.01354
 -0.0102
-0.008226
-0.007472
-0.007095
-0.006269
-0.004659
-0.002345
 0.0005097
 0.003802
 0.007268
 0.01028
 0.01218
 0.01262
 0.01153
 0.008869
 0.00476
 3.058e-005
-0.003925
-0.006035
-0.006361
-0.005892
-0.005698
-0.006504
-0.008858
-0.01292
-0.01799
 -0.0227
-0.02596
-0.02759
-0.02769
-0.02612
-0.02307
-0.01965
-0.01697
-0.01466
-0.01112
-0.005933
-0.001346
-0.0007034
-0.005372
-0.01361
-0.02228
-0.02912
-0.03325
-0.03432
-0.03218
-0.02731
-0.02098
-0.01467
-0.009286
-0.005087
-0.001896
 0.0006932
 0.003313
 0.006442
 0.01006
 0.01365
 0.01649
 0.01771
 0.01601
 0.01021
 0.0003058
-0.01206
-0.02438
-0.03473
-0.04211
-0.04604
-0.04634
-0.04356
-0.03893
-0.03369
-0.02876
-0.02513
-0.02385
-0.02502
-0.02704
-0.02811
-0.02808
-0.02835
-0.02983
-0.03197
-0.03391
-0.03562
-0.03686
-0.03608
-0.03135
-0.02275
-0.01294
-0.005046
-0.0005607
 0.0007034
-0.0004077
-0.002712
-0.004648
-0.004913
-0.003517
-0.001672
-0.0005097
-6.116e-005
 0.000367
 0.001152
 0.001967
 0.002294
 0.002039
 0.001621
 0.001692
 0.002783
 0.005229
 0.009235
 0.01479
 0.02142
 0.02808
 0.03338
 0.03613
 0.03569
 0.03231
 0.02713
  0.0217
 0.01753
 0.01558
  0.0162
 0.01923
 0.02378
 0.02838
 0.03175
 0.03361
  0.0345
 0.03459
 0.03319
 0.02947
  0.0238
 0.01786
 0.01356
 0.01187
  0.0124
  0.0142
 0.01655
 0.01916
  0.0216
 0.02293
 0.02223
 0.01977
 0.01695
  0.0151
 0.01438
 0.01433
 0.01502
 0.01694
 0.01997
 0.02281
  0.0241
 0.02351
 0.02164
 0.01896
  0.0155
 0.01156
 0.008236
 0.00685
 0.007737
 0.009827
 0.01139
 0.01123
 0.009195
 0.005963
 0.002671
 0.0006626
 0.0007747
 0.002467
 0.004077
 0.004353
 0.003802
 0.003874
 0.004801
 0.00524
 0.004169
 0.002528
 0.002181
 0.00368
 0.005831
 0.007197
 0.007187
 0.00581
 0.003119
-0.0004995
 -0.0042
-0.00735
-0.01006
-0.01255
-0.01443
-0.01513
-0.01473
-0.01409
-0.01388
-0.01413
-0.01472
-0.01585
-0.01789
-0.02066
-0.02331
-0.02458
-0.02329
-0.01897
-0.01222
-0.004781
 0.001325
 0.00475
 0.005433
 0.004353
 0.00263
 0.0008869
-0.0007747
-0.002304
-0.003466
-0.004057
-0.003894
-0.002518
 0.000581
 0.005046
 0.009256
 0.01169
 0.01238
 0.01235
 0.01183
 0.009653
 0.005056
-0.001121
-0.007452
-0.01352
-0.01952
-0.02468
-0.02752
 -0.0277
-0.02651
-0.02512
-0.02295
-0.01859
-0.01196
-0.004679
 0.001274
 0.004995
 0.00685
 0.007696
 0.008033
 0.007686
 0.006147
 0.003384
 0.0001325
-0.002569
-0.004139
-0.004587
-0.00422
-0.003486
-0.002844
-0.002487
-0.00212
-0.001356
-0.0004689
-0.0004281
 -0.0021
-0.005515
-0.009796
-0.01344
-0.01498
-0.01393
 -0.0112
-0.008359
-0.006208
-0.004383
-0.002375
-0.000581
 4.077e-005
-0.001213
-0.004363
-0.008919
-0.01387
-0.01779
-0.01959
-0.01933
-0.01762
-0.01453
-0.00945
-0.00263
 0.004261
 0.009368
 0.01228
 0.01384
 0.01467
 0.01444
 0.01292
 0.01087
 0.009776
 0.01058
 0.01312
 0.01674
 0.02108
 0.02613
 0.03153
 0.03621
  0.0389
 0.03911
 0.03748
 0.03512
 0.03292
 0.03128
 0.03037
 0.02997
 0.02962
 0.02886
 0.02766
  0.0264
 0.02539
 0.02449
 0.02323
  0.0213
 0.01894
 0.01688
 0.01571
 0.01495
 0.01331
 0.01017
 0.00684
 0.005413
 0.006391
 0.008012
 0.008349
 0.007604
 0.007421
 0.008593
 0.01042
 0.01215
 0.01384
 0.01536
 0.01557
 0.01359
 0.01045
 0.008247
 0.007757
 0.007737
 0.00684
 0.005372
 0.004608
 0.004964
 0.005617
 0.005708
 0.005046
 0.003537
 0.0007849
-0.003242
-0.007645
-0.01113
-0.01308
-0.01377
-0.01368
-0.01292
-0.01137
-0.009093
-0.00633
-0.003517
-0.001295
-0.0002752
-0.0005403
-0.00158
-0.002926
-0.004546
-0.006402
-0.007676
-0.007166
-0.004506
-0.0004587
 0.004128
 0.009123
  0.0143
 0.01832
  0.0194
 0.01731
 0.01381
 0.01078
 0.008563
 0.006534
 0.004709
 0.003833
 0.003965
 0.004139
 0.00366
 0.003119
 0.003609
 0.005219
 0.00686
 0.00735
 0.006239
 0.003914
 0.001437
 0.0002243
 0.001193
 0.003833
 0.006585
 0.008257
 0.008858
 0.00896
 0.008685
 0.007747
 0.006198
 0.004669
 0.00367
 0.003038
 0.002243
 0.001182
 0.0005403
 0.00105
 0.002457
 0.003252
 0.001876
-0.001814
-0.006442
-0.01031
-0.01249
-0.01262
-0.01045
-0.006096
-0.000581
 0.004577
 0.008287
 0.01014
 0.009888
 0.007401
 0.003109
-0.001916
-0.006738
-0.01097
-0.01422
-0.01586
-0.01578
-0.01497
-0.01473
-0.01527
 -0.0157
-0.01534
-0.01456
-0.01406
 -0.0141
-0.01453
-0.01537
 -0.0168
-0.01856
-0.02008
-0.02082
-0.02038
-0.01862
 -0.0159
-0.01328
-0.01189
-0.01166
-0.01131
-0.009847
-0.007706
-0.006147
-0.005525
-0.005076
 -0.0042
-0.003405
-0.003496
-0.004312
-0.004709
-0.003812
-0.001743
 0.0005912
 0.002222
 0.002345
 0.0006626
-0.002141
-0.004444
-0.004883
-0.003588
-0.001906
-0.0007645
 0.0003874
 0.002661
 0.006086
 0.009388
 0.01142
 0.01231
 0.01302
 0.01398
 0.01476
 0.01505
  0.0152
 0.01586
 0.01702
 0.01804
 0.01845
 0.01841
 0.01841
 0.01844
 0.01788
 0.01591
 0.01212
 0.006758
 0.0007136
-0.004709
-0.008349
-0.009725
-0.009205
-0.007543
-0.00527
-0.00265
-9.174e-005
 0.001784
 0.002732
 0.003211
 0.004057
 0.005688
 0.007839
 0.009918
 0.01134
 0.01169
 0.01094
 0.009337
 0.007125
 0.004128
 0.0002243
-0.003945
-0.007309
-0.009521
-0.01117
-0.01261
-0.01307
-0.01183
-0.009735
-0.008349
-0.007982
-0.007472
-0.006249
-0.005494
-0.006463
-0.008349
-0.009032
-0.007523
-0.004954
-0.002987
-0.00213
-0.001916
-0.001947
-0.002141
-0.002548
-0.003333
-0.004801
-0.007034
-0.00947
-0.01128
-0.01222
-0.01275
-0.01343
-0.01432
-0.01529
-0.01632
-0.01748
-0.01852
-0.01882
-0.01805
-0.01664
-0.01527
-0.01419
-0.01283
-0.01041
-0.006524
-0.00159
 0.003445
 0.007441
 0.009592
 0.01005
 0.009735
 0.009439
 0.009011
 0.00788
 0.006106
 0.004475
 0.003394
 0.002355
 0.001009
 0.0003364
 0.001702
 0.004975
 0.008328
 0.01018
 0.01085
 0.01169
 0.01321
 0.01459
 0.01504
 0.01489
 0.01501
 0.01557
 0.01584
 0.01493
  0.0124
 0.00843
 0.00366
-0.00103
-0.004913
-0.007819
-0.00998
-0.01145
-0.01188
  -0.011
-0.009276
-0.007635
-0.006585
-0.005759
-0.004526
-0.002712
-0.0005607
 0.001662
 0.003863
 0.005729
 0.006799
 0.006911
 0.006606
 0.006738
 0.007717
 0.009307
 0.01104
 0.01263
 0.01391
 0.01472
 0.01495
 0.01482
 0.01478
 0.01512
  0.0158
 0.01667
  0.0177
 0.01885
 0.01957
 0.01909
 0.01722
 0.01472
 0.01252
  0.0105
 0.007666
 0.003445
-0.001529
-0.006188
-0.01012
-0.01351
-0.01619
 -0.0175
-0.01727
-0.01626
-0.01555
-0.01544
-0.01562
-0.01587
-0.01646
-0.01752
-0.01867
-0.01935
-0.01933
-0.01882
-0.01813
-0.01744
 -0.0165
-0.01471
-0.01157
-0.007503
-0.003619
-0.0006626
 0.001631
 0.003812
 0.005668
 0.006432
 0.005994
 0.005015
 0.003914
 0.002273
-0.0002752
-0.00315
-0.005341
-0.006575
-0.007288
-0.007686
-0.007421
-0.006259
-0.004424
-0.00208
 0.001009
 0.004954
 0.009083
  0.0122
 0.01358
 0.01334
  0.0123
 0.01135
 0.01086
 0.01037
 0.008869
 0.005821
 0.001886
-0.001662
-0.004037
-0.005545
-0.006901
-0.008471
-0.01005
 -0.0113
-0.01207
-0.01229
-0.01203
-0.01147
-0.01091
 -0.0105
-0.009939
-0.008665
-0.006402
-0.003486
-0.000632
 0.001723
 0.003517
 0.004597
 0.004587
 0.003323
 0.001437
-4.077e-005
-0.0005607
-0.0003262
 0.0002345
 0.001009
 0.00208
 0.003221
 0.003976
 0.004006
 0.00318
 0.001356
-0.001549
-0.00524
-0.008858
-0.01148
-0.01269
-0.01273
-0.01205
-0.01098
-0.009643
-0.008114
-0.006493
-0.004862
-0.003252
-0.001702
-0.0003364
 0.0006932
 0.001346
 0.001662
 0.001753
 0.001753
 0.001764
 0.001865
 0.001998
 0.001988
 0.001641
 0.0008563
-0.0003466
-0.001794
-0.00315
-0.00421
-0.004985
-0.005627
-0.005923
-0.005178
-0.002875
 0.0004893
 0.003598
 0.005596
 0.006972
 0.008685
 0.01069
 0.01186
 0.01144
 0.01035
  0.0101
 0.01093
 0.01149
 0.01063
 0.008807
 0.007176
 0.006024
 0.004557
 0.002457
 0.0006014
-7.136e-005
 0.0002243
 0.0004485
 0.0001529
-0.0001325
 0.0002039
 0.001274
 0.002834
 0.00475
 0.00684
 0.008767
 0.01028
 0.01155
 0.01281
 0.01389
 0.01453
 0.01474
 0.01475
 0.01442
 0.01337
 0.01168
 0.009959
 0.008583
 0.007339
 0.005953
 0.004679
 0.003782
 0.002895
 0.001468
-0.0002956
-0.001611
-0.002141
-0.002283
-0.002243
-0.001549
 5.097e-005
 0.001723
 0.002171
 0.001172
-0.0003058
-0.001448
-0.002467
-0.003935
-0.00578
-0.00737
-0.008267
-0.008552
-0.008389
-0.007829
-0.006993
-0.006157
-0.005413
-0.004659
-0.003894
-0.003384
-0.003242
-0.003068
-0.002202
-0.0003466
 0.002232
 0.005046
 0.007666
 0.009664
 0.01077
 0.01119
 0.01157
 0.01235
 0.01332
 0.01385
 0.01359
 0.01267
  0.0114
 0.009959
 0.008481
 0.007023
 0.005505
 0.003782
 0.002029
 0.000581
-0.0005097
-0.001621
-0.003068
-0.004648
-0.005953
-0.006922
-0.007849
-0.00895
-0.01012
-0.01128
 -0.0124
-0.01334
-0.01376
-0.01335
-0.01218
 -0.0107
-0.009664
-0.009735
-0.01098
-0.01254
-0.01323
-0.01268
-0.01164
 -0.0111
-0.01117
-0.01118
-0.01056
-0.00949
-0.008685
-0.008654
-0.009501
-0.01085
-0.01201
-0.01227
 -0.0113
-0.009348
-0.007187
-0.005759
-0.005749
-0.007227
-0.009653
-0.01217
-0.01415
-0.01533
-0.01574
-0.01538
 -0.0143
-0.01264
-0.01071
-0.008909
-0.007604
-0.007074
-0.007523
-0.008899
-0.01084
-0.01271
-0.01417
-0.01551
 -0.0175
-0.02051
  -0.024
-0.02707
-0.02945
-0.03139
-0.03295
-0.03362
-0.03307
-0.03167
-0.03004
-0.02812
-0.02531
-0.02131
-0.01669
-0.01233
-0.008838
-0.006239
-0.004353
-0.002936
-0.001743
-0.0005607
 0.0006728
 0.001886
 0.002864
 0.003384
 0.003405
 0.003221
 0.003293
 0.003863
 0.004832
 0.00581
 0.006351
 0.006075
 0.004883
 0.003028
 0.00103
-0.000683
-0.002029
-0.003028
-0.00367
-0.003823
-0.003445
-0.002661
-0.001764
-0.00107
-0.0007849
-0.0006932
-0.0004281
-2.039e-005
-0.0001223
-0.001244
-0.003058
-0.00473
-0.005892
-0.006809
-0.007503
-0.007421
-0.006177
-0.004271
-0.002671
-0.001743
-0.001152
-0.0007441
-0.000897
-0.001916
-0.003496
-0.005046
-0.00629
-0.007227
-0.00788
-0.008318
-0.008889
-0.009867
-0.01093
 -0.0113
-0.01063
-0.009246
-0.007676
-0.006075
-0.004292
-0.002294
-0.0002956
 0.001458
 0.002691
 0.003109
 0.00265
 0.001692
 0.0008869
 0.0005301
 0.0004995
 0.0005708
 0.0007645
 0.001223
 0.001876
 0.00262
 0.003568
 0.004954
 0.006595
 0.007747
 0.007635
 0.00631
 0.004608
 0.003323
 0.002446
 0.00156
 0.0006626
 0.0002854
 0.0005708
 0.0007441
-2.039e-005
-0.00159
-0.002997
 -0.0037
-0.004179
-0.005087
-0.006218
-0.00683
-0.006565
-0.00579
-0.005015
-0.004424
-0.003955
-0.003527
-0.002926
-0.001804
-0.0001733
 0.001478
 0.00264
 0.003354
 0.004088
 0.005189
 0.006646
 0.008389
  0.0104
  0.0124
  0.0139
 0.01462
 0.01481
 0.01489
  0.0149
 0.01476
 0.01475
 0.01545
 0.01693
 0.01856
 0.01991
 0.02145
 0.02383
  0.0265
 0.02792
 0.02723
 0.02527
 0.02344
 0.02191
 0.01994
  0.0174
 0.01522
 0.01406
 0.01318
 0.01141
 0.008736
 0.006218
 0.004444
 0.002864
 0.0007441
-0.001672
-0.003486
-0.004271
-0.004434
-0.004557
-0.00476
-0.004709
-0.004047
-0.00263
-0.0005607
 0.001896
 0.004618
 0.007666
 0.01107
 0.01454
 0.01746
 0.01944
  0.0205
 0.02091
 0.02072
 0.01991
 0.01864
 0.01743
 0.01662
 0.01593
 0.01487
 0.01336
   0.012
 0.01124
 0.01092
 0.01053
 0.01018
  0.0105
 0.01162
 0.01278
 0.01317
 0.01274
 0.01191
 0.01061
 0.00843
 0.005484
 0.002589
 0.0002345
-0.001906
-0.004108
-0.005831
-0.006218
-0.005352
-0.004118
-0.00316
-0.002212
-0.0008665
 0.0008053
 0.002497
 0.004088
 0.005454
 0.006065
 0.005403
 0.00371
 0.001916
 0.0006932
-6.116e-005
-0.0007747
-0.001407
-0.001397
-0.0003364
 0.001662
 0.004169
 0.006677
 0.008685
 0.009857
 0.01027
 0.01043
 0.01075
 0.01098
 0.01059
 0.00945
 0.00792
 0.006239
 0.004261
 0.001988
-8.155e-005
-0.001549
-0.002701
-0.004118
-0.005668
-0.006585
-0.006697
-0.00686
-0.007808
-0.009042
-0.00948
-0.009083
-0.00893
-0.009684
-0.01064
-0.01067
-0.009674
-0.008512
-0.007859
-0.007462
-0.006575
-0.00473
-0.001906
 0.00158
 0.005291
 0.008818
 0.01193
 0.01458
 0.01673
 0.01831
 0.01937
  0.0201
 0.02082
 0.02162
  0.0224
 0.02288
   0.023
 0.02296
 0.02306
 0.02327
 0.02312
  0.0223
  0.0211
 0.01988
 0.01863
 0.01715
 0.01548
 0.01406
 0.01293
 0.01183
 0.01082
 0.01031
 0.01021
 0.009684
 0.008094
 0.006075
 0.004689
 0.003945
 0.003017
 0.001774
 0.001131
 0.001529
 0.001967
 0.001417
 0.0004791
 0.0006422
 0.002212
 0.003823
 0.004292
 0.003955
 0.003904
 0.004516
 0.00528
 0.005729
 0.005912
 0.005821
 0.005189
 0.003823
 0.002049
 0.0004383
-0.0006422
-0.001152
-0.001203
-0.000897
-0.0003568
 0.0003262
 0.001193
 0.002253
 0.003262
 0.00371
 0.003109
 0.001366
-0.001305
-0.004557
-0.007819
-0.01009
-0.01036
-0.008461
-0.005525
-0.003109
-0.001927
-0.001662
-0.001733
-0.001814
-0.001437
 0.0002141
 0.003547
 0.007798
 0.01153
 0.01385
 0.01469
 0.01397
 0.01134
 0.007136
 0.002946
 0.0004995
 0.0001937
 0.001111
 0.002416
 0.003965
 0.005454
 0.00577
 0.003935
 0.0003772
-0.003384
-0.006208
-0.008002
-0.009113
-0.009531
-0.009235
-0.008767
-0.009052
-0.01054
-0.01287
-0.01542
-0.01775
 -0.0195
-0.02029
-0.01992
 -0.0188
-0.01767
-0.01697
-0.01668
-0.01657
-0.01667
-0.01694
-0.01701
-0.01639
-0.01492
-0.01283
-0.01037
-0.007839
-0.005912
-0.005229
-0.005607
-0.005943
-0.005454
-0.004495
-0.003833
-0.003507
-0.003028
-0.002681
-0.003405
-0.005301
-0.007074
-0.007513
-0.006942
-0.006544
-0.006575
-0.006137
-0.004587
-0.002457
-0.0006422
 0.0006218
 0.001427
 0.001519
 0.0003976
-0.001702
-0.003731
-0.004699
-0.004516
-0.00367
-0.002497
-0.0008665
 0.001284
 0.003588
 0.005474
 0.006728
 0.007513
 0.008073
 0.008532
 0.008869
 0.008981
 0.008471
 0.006809
 0.003945
 0.0005403
-0.002518
-0.004832
-0.00629
-0.006626
-0.005647
-0.004006
-0.002956
-0.003089
-0.003639
-0.003629
-0.003313
-0.00371
-0.005005
-0.006198
-0.006565
-0.006718
-0.007574
-0.008797
-0.009042
-0.007645
-0.005505
-0.003863
-0.002977
-0.002181
-0.001019
 0.0002243
 0.001081
 0.001437
 0.001386
 0.0008563
-0.0003058
-0.001988
-0.00369
-0.004822
-0.005015
-0.004271
-0.002966
 -0.0016
-0.0004383
 0.0006626
 0.001886
 0.003089
 0.003843
 0.003812
 0.003058
 0.001764
-3.058e-005
-0.002181
-0.00421
-0.005515
-0.006035
-0.006269
-0.006646
-0.006911
-0.006585
-0.005759
-0.005127
-0.005117
-0.005413
-0.005443
-0.005199
-0.005117
-0.005352
-0.005647
-0.005851
-0.006249
-0.006952
-0.007441
-0.007064
-0.005902
-0.004832
-0.004455
-0.004434
-0.003935
-0.00263
-0.000999
 0.0002854
 0.001009
 0.001335
 0.001437
 0.001213
 0.0004995
-0.0007849
-0.002579
-0.00472
-0.006922
-0.008736
-0.009643
-0.009368
-0.008043
-0.006167
-0.004373
-0.003089
-0.002365
-0.001967
-0.001713
-0.001682
-0.002029
-0.00265
-0.003129
-0.003282
-0.003415
-0.003792
-0.004047
-0.003486
-0.002151
-0.0009684
-0.0007136
-0.0009072
-0.0005097
 0.0005607
 0.001213
 0.0005403
-0.001081
-0.002691
-0.003874
-0.004852
-0.005515
-0.005352
-0.004363
-0.003496
-0.003649
-0.004659
-0.005576
-0.005851
-0.005678
-0.00527
-0.004485
-0.003272
-0.00211
-0.001458
-0.001172
-0.0007747
-0.0002039
 5.097e-005
-0.0002956
-0.0009582
-0.001468
-0.001682
-0.001784
-0.001967
-0.002345
-0.003017
-0.003863
-0.004597
-0.005148
-0.00579
-0.006677
-0.007299
-0.006911
-0.005586
-0.00422
-0.003425
-0.002793
-0.001662
-0.0001733
 0.0008053
 0.000999
 0.00107
 0.001733
 0.002885
 0.003843
 0.004343
 0.004689
 0.005046
 0.005005
 0.004149
 0.002803
 0.001855
 0.001865
 0.002528
 0.00318
 0.003547
 0.003843
 0.00422
 0.004495
 0.004455
 0.004098
 0.003568
 0.002793
 0.001723
 0.0007339
 0.0004281
 0.0009582
 0.001814
 0.002497
 0.002915
 0.003017
 0.002385
 0.0007034
-0.001478
-0.002966
-0.00314
-0.002569
-0.002192
-0.002273
-0.002365
-0.002059
-0.001366
-0.000632
-0.0001631
-0.0001019
-0.0002243
-2.039e-005
 0.0008359
 0.001978
 0.002589
 0.002396
 0.001988
 0.002049
 0.002538
 0.003119
 0.003894
 0.005362
 0.007401
 0.008981
 0.009327
 0.008919
 0.008991
 0.01004
 0.01134
 0.01198
 0.01188
 0.01154
 0.01128
 0.01094
 0.01023
 0.009123
 0.007727
 0.006259
 0.004964
 0.003935
 0.002956
 0.001753
 0.0003058
-0.001131
-0.002365
-0.003496
-0.004689
-0.005851
-0.006728
-0.007146
-0.007003
-0.006269
-0.005066
-0.003884
-0.003354
-0.00369
-0.004648
-0.005831
-0.007074
-0.008114
-0.008308
-0.007074
-0.004628
-0.002141
-0.000683
-0.0003364
-0.0003874
-0.0003874
-0.0006932
-0.001774
-0.003415
-0.004873
-0.005739
-0.006391
-0.007258
-0.008175
-0.008542
-0.008267
-0.007971
-0.008349
-0.00946
-0.01082
-0.01218
-0.01363
-0.01506
-0.01587
-0.01559
-0.01437
-0.01297
 -0.0118
-0.01068
-0.009225
-0.007523
-0.005994
-0.004883
-0.004128
-0.003619
-0.003354
-0.003252
-0.003028
-0.002467
-0.001549
-0.0004995
 0.0003772
 0.0007747
 0.0005403
-5.097e-005
-0.0004689
-0.0005607
-0.0007951
-0.001529
-0.002304
-0.002324
-0.001713
-0.001621
-0.002722
-0.00421
-0.004873
-0.004648
-0.004465
-0.004597
-0.004179
-0.002599
-0.0005505
 0.0007238
 0.00103
 0.001091
 0.001356
 0.001519
 0.001274
 0.001009
 0.001366
 0.002426
 0.00371
 0.004587
 0.004536
 0.003374
 0.001427
-0.0004791
-0.001641
-0.002018
-0.002049
-0.002049
-0.002039
 -0.0021
-0.002375
-0.002854
-0.003211
-0.00317
-0.00265
-0.00158
 0.0001223
 0.002263
 0.00422
 0.005382
 0.00579
 0.005943
 0.006096
 0.006004
 0.005454
 0.004822
 0.004842
 0.005729
 0.00683
 0.007105
 0.006157
 0.004546
 0.003058
 0.001916
 0.0007034
-0.0007849
-0.002151
-0.003007
-0.00366
-0.004689
-0.005882
-0.006147
-0.004679
-0.002008
 0.0005912
 0.002436
 0.003833
 0.005158
 0.006208
 0.006585
 0.006371
 0.005963
 0.005566
 0.005127
 0.004781
 0.004771
 0.005076
 0.005291
 0.005168
 0.004791
 0.004179
 0.003129
 0.001611
 0.0001223
-0.0007441
-0.001009
-0.001162
-0.001539
-0.00209
-0.002773
-0.003619
-0.004383
-0.004587
-0.004088
-0.003201
-0.002171
-0.0008155
 0.0008257
 0.001947
 0.001713
 0.0004587
-0.0004281
-0.0001325
 0.0007034
 0.001091
 0.00105
 0.001376
 0.002263
 0.003089
 0.003364
 0.003558
 0.004424
 0.006065
 0.007941
 0.009582
 0.01085
 0.01172
 0.01217
 0.01225
 0.01208
  0.0116
 0.01086
 0.01023
 0.01024
 0.01085
 0.01141
  0.0115
 0.01137
 0.01136
 0.01118
 0.01017
 0.008267
 0.006106
 0.004332
 0.002946
 0.001651
 0.0003364
-0.0009684
-0.002222
-0.003211
-0.003496
-0.002905
-0.001906
-0.001182
-0.0009276
-0.0007645
-0.0004281
-7.136e-005
-6.116e-005
-0.0006116
-0.001743
-0.003262
-0.004597
-0.005036
-0.004353
-0.003119
-0.002141
-0.001804
-0.00212
-0.003038
-0.004241
-0.004893
-0.004108
-0.001835
 0.00106
 0.003782
 0.00632
 0.009042
 0.01189
  0.0142
  0.0155
 0.01582
  0.0155
 0.01482
  0.0139
  0.0129
 0.01188
 0.01084
 0.009735
 0.008675
 0.007727
 0.00682
 0.005872
 0.004903
 0.004006
 0.003109
 0.002039
 0.0008359
-0.0002345
-0.001182
-0.002446
-0.004363
-0.006728
-0.009103
-0.01126
  -0.013
-0.01372
-0.01294
-0.01122
-0.009949
-0.009735
-0.009766
-0.009123
-0.008053
-0.007329
-0.006718
-0.005311
-0.003272
-0.001978
-0.002181
-0.002834
-0.002497
-0.001193
-2.039e-005
 0.0006626
 0.001529
 0.003129
 0.005056
 0.006616
 0.007441
 0.00735
 0.006116
 0.004006
 0.001967
 0.0008869
 0.0006626
 0.0005708
 0.0002752
 6.116e-005
 0.0003364
 0.000999
 0.001713
 0.002273
 0.002752
 0.003333
 0.004098
 0.005066
 0.006137
 0.007207
 0.008216
 0.009154
 0.01001
 0.01073
 0.01118
 0.01142
 0.01183
 0.01284
 0.01417
 0.01488
 0.01436
 0.01314
 0.01231
 0.01225
 0.01231
 0.01208
 0.01203
 0.01267
 0.01338
 0.01303
 0.01159
 0.01027
 0.009867
 0.009745
 0.008756
 0.006881
 0.005087
 0.004037
 0.003456
 0.002864
 0.002202
 0.001611
 0.0009582
 9.174e-005
-0.0008359
-0.00156
-0.002192
-0.00317
-0.004608
-0.006014
-0.00682
-0.007044
-0.007176
-0.007503
-0.007819
-0.007717
-0.007115
-0.006167
-0.005097
-0.004057
-0.00316
-0.002396
-0.001631
-0.0008665
-0.0002956
-0.0001325
-0.0001733
-3.058e-005
 0.0003058
 0.0003262
-0.0003568
-0.001448
-0.002263
-0.002518
-0.002518
-0.002508
